ATeam,HTeam,AScore,HScore,PD,gameID,date
TBL,NYR,1,3,2,202210111,20221011
VEG,LAK,4,3,1,202210112,20221011
CBJ,CAR,1,4,3,202210121,20221012
TOR,MTL,3,4,1,202210122,20221012
BOS,WSH,5,2,3,202210123,20221012
CHI,COL,2,5,3,202210124,20221012
SEA,ANA,4,5,1,202210125,20221012
VAN,EDM,3,5,2,202210126,20221012
OTT,BUF,1,4,3,202210131,20221013
NJD,PHI,2,5,3,202210132,20221013
ARI,PIT,2,6,4,202210133,20221013
FLA,NYI,3,1,2,202210134,20221013
WSH,TOR,2,3,1,202210135,20221013
NYR,MIN,7,3,4,202210136,20221013
DAL,NSH,4,1,3,202210137,20221013
COL,CGY,3,5,2,202210138,20221013
CHI,VEG,0,1,1,202210139,20221013
SEA,LAK,4,1,3,2022101310,20221013
TBL,CBJ,5,2,3,202210141,20221014
MTL,DET,0,3,3,202210142,20221014
NYR,WPG,1,4,3,202210143,20221014
CAR,SJS,2,1,1,202210144,20221014
FLA,BUF,4,3,1,202210151,20221015
VAN,PHI,2,3,1,202210152,20221015
ARI,BOS,3,6,3,202210153,20221015
DET,NJD,5,2,3,202210154,20221015
TBL,PIT,2,6,4,202210155,20221015
OTT,TOR,2,3,1,202210156,20221015
MTL,WSH,1,3,2,202210157,20221015
ANA,NYI,1,7,6,202210158,20221015
NSH,DAL,1,5,4,202210159,20221015
LAK,MIN,7,6,1,2022101510,20221015
CBJ,STL,2,5,3,2022101511,20221015
CGY,EDM,4,3,1,2022101512,20221015
CHI,SJS,5,2,3,2022101513,20221015
VEG,SEA,5,2,3,2022101514,20221015
FLA,BOS,3,5,2,202210171,20221017
LAK,DET,5,4,1,202210172,20221017
PIT,MTL,2,3,1,202210173,20221017
ANA,NYR,4,6,2,202210174,20221017
ARI,TOR,4,2,2,202210175,20221017
VAN,WSH,4,6,2,202210176,20221017
COL,MIN,6,3,3,202210177,20221017
WPG,DAL,1,4,3,202210178,20221017
CAR,SEA,5,1,4,202210179,20221017
VAN,CBJ,3,4,1,202210181,20221018
ANA,NJD,2,4,2,202210182,20221018
BOS,OTT,5,7,2,202210183,20221018
PHI,TBL,3,2,1,202210184,20221018
SJS,NYI,2,5,3,202210185,20221018
VEG,CGY,2,3,1,202210186,20221018
BUF,EDM,4,2,2,202210187,20221018
LAK,NSH,4,3,1,202210188,20221018
PHI,FLA,3,4,1,202210191,20221019
WPG,COL,4,3,1,202210192,20221019
STL,SEA,4,3,1,202210193,20221019
ANA,BOS,1,2,1,202210201,20221020
NSH,CBJ,3,5,2,202210202,20221020
ARI,MTL,2,6,4,202210203,20221020
SJS,NYR,3,2,1,202210204,20221020
WSH,OTT,2,5,3,202210205,20221020
LAK,PIT,1,6,5,202210206,20221020
DAL,TOR,2,3,1,202210207,20221020
NJD,NYI,4,1,3,202210208,20221020
VAN,MIN,3,4,1,202210209,20221020
CAR,EDM,4,6,2,2022102010,20221020
BUF,CGY,6,3,3,2022102011,20221020
WPG,VEG,2,5,3,2022102012,20221020
TBL,FLA,3,2,1,202210211,20221021
DET,CHI,3,4,1,202210212,20221021
SEA,COL,3,2,1,202210213,20221021
MIN,BOS,3,4,1,202210221,20221022
SJS,NJD,1,2,1,202210222,20221022
STL,EDM,2,0,2,202210223,20221022
ARI,OTT,2,6,4,202210224,20221022
PIT,CBJ,6,3,3,202210225,20221022
DAL,MTL,5,2,3,202210226,20221022
NYI,TBL,3,5,2,202210227,20221022
LAK,WSH,3,4,1,202210228,20221022
TOR,WPG,4,1,3,202210229,20221022
PHI,NSH,3,1,2,2022102210,20221022
CAR,CGY,2,3,1,2022102211,20221022
BUF,VAN,5,1,4,2022102212,20221022
COL,VEG,3,2,1,2022102213,20221022
SEA,CHI,4,5,1,202210231,20221023
ANA,DET,1,5,4,202210232,20221023
NYI,FLA,2,3,1,202210233,20221023
CBJ,NYR,5,1,4,202210234,20221023
SJS,PHI,3,0,3,202210235,20221023
WSH,NJD,6,3,3,202210241,20221024
DAL,OTT,2,4,2,202210242,20221024
PIT,EDM,3,6,3,202210243,20221024
STL,WPG,0,4,4,202210244,20221024
TOR,VEG,1,3,2,202210245,20221024
CAR,VAN,3,2,1,202210246,20221024
DAL,BOS,1,3,2,202210251,20221025
ARI,CBJ,6,3,3,202210252,20221025
NJD,DET,6,2,4,202210253,20221025
MIN,MTL,3,1,2,202210254,20221025
COL,NYR,3,2,1,202210255,20221025
FLA,CHI,2,4,2,202210256,20221025
PIT,CGY,1,4,3,202210257,20221025
BUF,SEA,1,5,4,202210258,20221025
TBL,LAK,2,4,2,202210259,20221025
VEG,SJS,4,2,2,2022102510,20221025
NYR,NYI,0,3,3,202210261,20221026
EDM,STL,3,1,2,202210262,20221026
TBL,ANA,4,2,2,202210263,20221026
DET,BOS,1,5,4,202210271,20221027
MTL,BUF,3,2,1,202210272,20221027
MIN,OTT,4,2,2,202210273,20221027
FLA,PHI,3,4,1,202210274,20221027
STL,NSH,2,6,4,202210275,20221027
EDM,CHI,6,5,1,202210276,20221027
WSH,DAL,0,2,2,202210277,20221027
VAN,SEA,5,4,1,202210278,20221027
WPG,LAK,6,4,2,202210279,20221027
TOR,SJS,3,4,1,2022102710,20221027
ANA,VEG,0,4,4,202210281,20221028
NYI,CAR,6,2,4,202210282,20221028
BOS,CBJ,4,0,4,202210283,20221028
COL,NJD,0,1,1,202210284,20221028
PIT,VAN,1,5,4,202210285,20221028
WPG,ARI,3,2,1,202210286,20221028
NYR,DAL,6,3,3,202210291,20221029
OTT,FLA,3,5,2,202210292,20221029
TBL,SJS,4,3,1,202210293,20221029
CHI,BUF,3,4,1,202210294,20221029
MIN,DET,1,2,1,202210295,20221029
TOR,LAK,2,4,2,202210296,20221029
CAR,PHI,4,3,1,202210297,20221029
MTL,STL,7,4,3,202210298,20221029
COL,NYI,4,5,1,202210299,20221029
WSH,NSH,3,0,3,2022102910,20221029
EDM,CGY,3,2,1,2022102911,20221029
PIT,SEA,1,3,2,2022102912,20221029
CBJ,NJD,1,7,6,202210301,20221030
MIN,CHI,4,3,1,202210302,20221030
TOR,ANA,3,4,1,202210303,20221030
NYR,ARI,3,2,1,202210304,20221030
WPG,VEG,1,2,1,202210305,20221030
DET,BUF,3,8,5,202210311,20221031
WSH,CAR,2,3,1,202210312,20221031
LAK,STL,5,1,4,202210313,20221031
PHI,NYR,0,1,1,202211011,20221101
OTT,TBL,3,4,1,202211012,20221101
VEG,WSH,3,2,1,202211013,20221101
MTL,MIN,1,4,3,202211014,20221101
BOS,PIT,6,5,1,202211015,20221101
NYI,CHI,3,1,2,202211016,20221101
LAK,DAL,2,5,3,202211017,20221101
SEA,CGY,5,4,1,202211018,20221101
NSH,EDM,4,7,3,202211019,20221101
FLA,ARI,1,3,2,2022110110,20221101
NJD,VAN,5,2,3,2022110111,20221101
ANA,SJS,6,5,1,2022110112,20221101
PHI,TOR,2,5,3,202211021,20221102
PIT,BUF,3,6,3,202211022,20221102
WSH,DET,1,3,2,202211031,20221103
VEG,OTT,5,4,1,202211032,20221103
CAR,TBL,4,3,1,202211033,20221103
BOS,NYR,5,2,3,202211034,20221103
SEA,MIN,4,0,4,202211035,20221103
NYI,STL,5,2,3,202211036,20221103
MTL,WPG,2,3,1,202211037,20221103
LAK,CHI,1,2,1,202211038,20221103
NSH,CGY,4,1,3,202211039,20221103
NJD,EDM,4,3,1,2022110310,20221103
DAL,ARI,7,2,5,2022110311,20221103
ANA,VAN,5,8,3,2022110312,20221103
FLA,SJS,4,3,1,2022110313,20221103
CBJ,COL,3,6,3,202211041,20221104
BUF,CAR,3,5,2,202211042,20221104
NYI,DET,0,3,3,202211051,20221105
COL,CBJ,5,1,4,202211052,20221105
CHI,WPG,0,4,4,202211053,20221105
DAL,EDM,6,2,4,202211054,20221105
VEG,MTL,6,4,2,202211055,20221105
PHI,OTT,2,1,1,202211056,20221105
SEA,PIT,3,2,1,202211057,20221105
BUF,TBL,3,5,2,202211058,20221105
BOS,TOR,1,2,1,202211059,20221105
ARI,WSH,3,2,1,2022110510,20221105
NJD,CGY,4,3,1,2022110511,20221105
NSH,VAN,4,3,1,2022110512,20221105
FLA,LAK,4,5,1,2022110513,20221105
ANA,SJS,5,4,1,2022110514,20221105
TOR,CAR,3,1,2,202211061,20221106
DET,NYR,3,2,1,202211062,20221106
FLA,ANA,5,3,2,202211063,20221106
STL,BOS,1,3,2,202211071,20221107
CGY,NYI,3,4,1,202211072,20221107
EDM,WSH,4,5,1,202211073,20221107
ARI,BUF,4,1,3,202211081,20221108
MTL,DET,3,2,1,202211082,20221108
NYI,NYR,4,3,1,202211083,20221108
CGY,NJD,2,3,1,202211084,20221108
VAN,OTT,6,4,2,202211085,20221108
STL,PHI,1,5,4,202211086,20221108
VEG,TOR,4,3,1,202211087,20221108
EDM,TBL,3,2,1,202211088,20221108
DAL,WPG,1,5,4,202211089,20221108
NSH,SEA,1,5,4,2022110810,20221108
MIN,LAK,0,1,1,2022110811,20221108
CAR,FLA,0,3,3,202211091,20221109
VAN,MTL,2,5,3,202211092,20221109
PIT,WSH,4,1,3,202211093,20221109
MIN,ANA,4,1,3,202211094,20221109
CGY,BOS,1,3,2,202211101,20221110
VEG,BUF,7,4,3,202211102,20221110
EDM,CAR,2,7,5,202211103,20221110
PHI,CBJ,2,5,3,202211104,20221110
NYR,DET,8,2,6,202211105,20221110
OTT,NJD,3,4,1,202211106,20221110
ARI,NYI,2,0,2,202211107,20221110
SJS,STL,3,5,2,202211108,20221110
NSH,COL,3,5,2,202211109,20221110
CHI,LAK,1,2,1,2022111010,20221110
PIT,TOR,4,2,2,202211111,20221111
TBL,WSH,1,5,4,202211112,20221111
SJS,DAL,5,4,1,202211113,20221111
MIN,SEA,1,0,1,202211114,20221111
OTT,PHI,4,1,3,202211121,20221112
EDM,FLA,4,2,2,202211122,20221112
BOS,BUF,3,1,2,202211123,20221112
PIT,MTL,4,5,1,202211124,20221112
ARI,NJD,2,4,2,202211125,20221112
VAN,TOR,2,3,1,202211126,20221112
CBJ,NYI,3,4,1,202211127,20221112
NYR,NSH,1,2,1,202211128,20221112
CAR,COL,1,4,3,202211129,20221112
CHI,ANA,3,2,1,2022111210,20221112
WPG,CGY,2,3,1,2022111211,20221112
STL,VEG,3,2,1,2022111212,20221112
DET,LAK,3,4,1,2022111213,20221112
DAL,PHI,5,1,4,202211131,20221113
VAN,BOS,2,5,3,202211132,20221113
SJS,MIN,3,2,1,202211133,20221113
ARI,NYR,1,4,3,202211134,20221113
WSH,TBL,3,6,3,202211135,20221113
WPG,SEA,3,2,1,202211136,20221113
NYI,OTT,4,2,2,202211141,20221114
LAK,CGY,5,6,1,202211142,20221114
CAR,CHI,3,0,3,202211143,20221114
STL,COL,3,2,1,202211144,20221114
VAN,BUF,5,4,1,202211151,20221115
WSH,FLA,2,5,3,202211152,20221115
NJD,MTL,5,1,4,202211153,20221115
TOR,PIT,5,2,3,202211154,20221115
DAL,TBL,4,5,1,202211155,20221115
PHI,CBJ,4,5,1,202211156,20221115
MIN,NSH,1,2,1,202211157,20221115
DET,ANA,2,3,1,202211158,20221115
SJS,VEG,5,2,3,202211159,20221115
BUF,OTT,1,4,3,202211161,20221116
STL,CHI,5,2,3,202211162,20221116
LAK,EDM,3,1,2,202211163,20221116
PHI,BOS,1,4,3,202211171,20221117
COL,CAR,3,2,1,202211172,20221117
MTL,CBJ,4,6,2,202211173,20221117
DAL,FLA,6,4,2,202211174,20221117
CGY,TBL,1,4,3,202211175,20221117
NJD,TOR,3,2,1,202211176,20221117
PIT,MIN,6,4,2,202211177,20221117
NYI,NSH,4,5,1,202211178,20221117
WSH,STL,4,5,1,202211179,20221117
ANA,WPG,2,3,1,2022111710,20221117
NYR,SEA,2,3,1,2022111711,20221117
ARI,VEG,1,4,3,2022111712,20221117
DET,SJS,7,4,3,2022111713,20221117
LAK,VAN,1,4,3,202211181,20221118
NJD,OTT,5,1,4,202211191,20221119
CGY,FLA,5,4,1,202211192,20221119
CHI,BOS,1,6,5,202211193,20221119
DET,CBJ,6,1,5,202211194,20221119
PHI,MTL,4,5,1,202211195,20221119
BUF,TOR,2,5,3,202211196,20221119
COL,WSH,4,0,4,202211197,20221119
PIT,WPG,3,0,3,202211198,20221119
NYI,DAL,2,5,3,202211199,20221119
CAR,MIN,1,2,1,2022111910,20221119
TBL,NSH,3,2,1,2022111911,20221119
ANA,STL,2,6,4,2022111912,20221119
VEG,EDM,3,4,1,2022111913,20221119
LAK,SEA,2,3,1,2022111914,20221119
NYR,SJS,2,1,1,2022111915,20221119
FLA,CBJ,3,5,2,202211201,20221120
PIT,CHI,5,3,2,202211202,20221120
EDM,NJD,2,5,3,202211211,20221121
CGY,PHI,5,2,3,202211212,20221121
BOS,TBL,5,3,2,202211213,20221121
NYI,TOR,3,2,1,202211214,20221121
CAR,WPG,3,4,1,202211215,20221121
ARI,NSH,3,4,1,202211216,20221121
ANA,STL,1,3,2,202211217,20221121
COL,DAL,3,2,1,202211218,20221121
OTT,SJS,1,5,4,202211219,20221121
VEG,VAN,5,4,1,2022112110,20221121
BUF,MTL,7,2,5,202211221,20221122
NYR,LAK,5,3,2,202211222,20221122
STL,BUF,2,6,4,202211231,20221123
ARI,CAR,4,0,4,202211232,20221123
MTL,CBJ,3,1,2,202211233,20221123
NSH,DET,0,3,3,202211234,20221123
BOS,FLA,2,5,3,202211235,20221123
WPG,MIN,1,6,5,202211236,20221123
TOR,NJD,2,1,1,202211237,20221123
CGY,PIT,1,2,1,202211238,20221123
EDM,NYI,0,3,3,202211239,20221123
PHI,WSH,2,3,1,2022112310,20221123
CHI,DAL,4,6,2,2022112311,20221123
NYR,ANA,2,3,1,2022112312,20221123
VAN,COL,4,3,1,2022112313,20221123
SJS,SEA,5,8,3,2022112314,20221123
OTT,VEG,1,4,3,2022112315,20221123
CAR,BOS,2,3,1,202211251,20221125
MTL,CHI,3,2,1,202211252,20221125
TOR,MIN,4,3,1,202211253,20221125
CGY,WSH,0,3,3,202211254,20221125
OTT,ANA,5,1,4,202211255,20221125
PIT,PHI,4,1,3,202211256,20221125
NJD,BUF,3,1,2,202211257,20221125
NYI,CBJ,3,2,1,202211258,20221125
ARI,DET,3,4,1,202211259,20221125
STL,TBL,2,5,3,2022112510,20221125
SEA,VEG,4,2,2,2022112511,20221125
WPG,DAL,5,4,1,2022112512,20221125
LAK,SJS,5,2,3,2022112513,20221125
EDM,NYR,4,3,1,202211261,20221126
CGY,CAR,2,3,1,202211262,20221126
STL,FLA,5,4,1,202211263,20221126
WSH,NJD,1,5,4,202211264,20221126
TOR,PIT,4,1,3,202211265,20221126
PHI,NYI,2,5,3,202211266,20221126
DAL,COL,1,4,3,202211267,20221126
VAN,VEG,5,1,4,202211268,20221126
ARI,MIN,3,4,1,202211271,20221127
WPG,CHI,7,2,5,202211272,20221127
SEA,ANA,5,4,1,202211273,20221127
VAN,SJS,4,3,1,202211274,20221127
OTT,LAK,3,2,1,202211275,20221127
TBL,BUF,6,5,1,202211281,20221128
VEG,CBJ,3,2,1,202211282,20221128
TOR,DET,4,2,2,202211283,20221128
NJD,NYR,5,3,2,202211284,20221128
DAL,STL,4,1,3,202211285,20221128
FLA,EDM,3,4,1,202211286,20221128
TBL,BOS,1,3,2,202211291,20221129
SJS,MTL,4,0,4,202211292,20221129
CAR,PIT,3,2,1,202211293,20221129
NYI,PHI,1,3,2,202211294,20221129
ANA,NSH,1,2,1,202211295,20221129
COL,WPG,0,5,5,202211296,20221129
FLA,CGY,2,6,4,202211297,20221129
WSH,VAN,5,1,4,202211298,20221129
SEA,LAK,9,8,1,202211299,20221129
BUF,DET,5,4,1,202211301,20221130
NYR,OTT,3,1,2,202211302,20221130
SJS,TOR,1,3,2,202211303,20221130
EDM,CHI,5,4,1,202211304,20221130
COL,BUF,6,4,2,202212011,20221201
NSH,NJD,4,3,1,202212012,20221201
TBL,PHI,4,1,3,202212013,20221201
VEG,PIT,3,4,1,202212014,20221201
EDM,MIN,3,5,2,202212015,20221201
CAR,STL,6,4,2,202212016,20221201
ANA,DAL,0,5,5,202212017,20221201
MTL,CGY,2,1,1,202212018,20221201
WSH,SEA,2,3,1,202212019,20221201
FLA,VAN,5,1,4,2022120110,20221201
ARI,LAK,3,5,2,2022120111,20221201
OTT,NYR,3,2,1,202212021,20221202
NSH,NYI,4,1,3,202212022,20221202
CBJ,WPG,4,1,3,202212023,20221202
ANA,MIN,4,5,1,202212031,20221203
COL,BOS,1,5,4,202212032,20221203
VEG,DET,4,1,3,202212033,20221203
MTL,EDM,3,5,2,202212034,20221203
SJS,OTT,2,5,3,202212035,20221203
NJD,PHI,3,2,1,202212036,20221203
STL,PIT,2,6,4,202212037,20221203
TOR,TBL,3,4,1,202212038,20221203
CHI,NYR,5,2,3,202212039,20221203
WSH,CGY,2,5,3,2022120310,20221203
FLA,SEA,5,1,4,2022120311,20221203
ARI,VAN,2,3,1,2022120312,20221203
CAR,LAK,4,2,2,2022120313,20221203
MIN,DAL,6,5,1,202212041,20221204
ANA,WPG,2,5,3,202212042,20221204
DET,CBJ,4,2,2,202212043,20221204
SJS,BUF,3,6,3,202212044,20221204
CHI,NYI,0,3,3,202212045,20221204
VEG,BOS,4,3,1,202212051,20221205
STL,NYR,4,6,2,202212052,20221205
COL,PHI,3,5,2,202212053,20221205
WSH,EDM,3,2,1,202212054,20221205
ARI,CGY,2,3,1,202212055,20221205
MTL,VAN,6,7,1,202212056,20221205
CHI,NJD,0,3,3,202212061,20221206
LAK,OTT,5,2,3,202212062,20221206
CBJ,PIT,1,4,3,202212063,20221206
DET,TBL,4,2,2,202212064,20221206
STL,NYI,7,4,3,202212065,20221206
FLA,WPG,2,5,3,202212066,20221206
TOR,DAL,4,0,4,202212067,20221206
CAR,ANA,3,4,1,202212068,20221206
MTL,SEA,4,2,2,202212069,20221206
BUF,CBJ,9,4,5,202212071,20221207
WSH,PHI,4,1,3,202212072,20221207
MIN,CGY,3,5,2,202212073,20221207
BOS,COL,4,0,4,202212074,20221207
ARI,EDM,2,8,6,202212075,20221207
NYR,VEG,5,1,4,202212076,20221207
VAN,SJS,6,5,1,202212077,20221207
NSH,TBL,2,5,3,202212081,20221208
LAK,TOR,0,5,5,202212082,20221208
DET,FLA,1,5,4,202212083,20221208
WPG,STL,5,2,3,202212084,20221208
OTT,DAL,3,4,1,202212085,20221208
PIT,BUF,4,3,1,202212091,20221209
CGY,CBJ,1,3,2,202212092,20221209
NYI,NJD,6,4,2,202212093,20221209
SEA,WSH,1,4,3,202212094,20221209
WPG,CHI,3,1,2,202212095,20221209
NYR,COL,2,1,1,202212096,20221209
MIN,EDM,2,5,3,202212097,20221209
BOS,ARI,3,4,1,202212098,20221209
SJS,ANA,6,1,5,202212099,20221209
PHI,VEG,1,2,1,2022120910,20221209
OTT,NSH,3,2,1,202212101,20221210
DET,DAL,2,3,1,202212102,20221210
FLA,TBL,1,4,3,202212103,20221210
LAK,MTL,4,2,2,202212104,20221210
BUF,PIT,1,3,2,202212105,20221210
CGY,TOR,4,5,1,202212106,20221210
CAR,NYI,3,0,3,202212107,20221210
MIN,VAN,3,0,3,202212108,20221210
COL,STL,3,2,1,202212111,20221211
LAK,CBJ,5,6,1,202212112,20221211
SEA,FLA,5,2,3,202212113,20221211
PHI,ARI,4,5,1,202212114,20221211
WSH,WPG,5,2,3,202212115,20221211
BOS,VEG,3,1,2,202212116,20221211
CGY,MTL,1,2,1,202212121,20221212
NJD,NYR,3,4,1,202212122,20221212
DAL,PIT,1,2,1,202212123,20221212
ANA,OTT,0,3,3,202212124,20221212
EDM,MIN,1,2,1,202212125,20221212
NSH,STL,0,1,1,202212126,20221212
NYI,BOS,3,4,1,202212131,20221213
LAK,BUF,0,6,6,202212132,20221213
CAR,DET,1,0,1,202212133,20221213
CBJ,FLA,0,4,4,202212134,20221213
DAL,NJD,4,1,3,202212135,20221213
SEA,TBL,2,6,4,202212136,20221213
ANA,TOR,0,7,7,202212137,20221213
EDM,NSH,6,3,3,202212138,20221213
VEG,WPG,6,5,1,202212139,20221213
WSH,CHI,7,3,4,2022121310,20221213
PHI,COL,2,3,1,2022121311,20221213
ARI,SJS,2,3,1,2022121312,20221213
MTL,OTT,2,3,1,202212141,20221214
DET,MIN,1,4,3,202212142,20221214
VAN,CGY,4,3,1,202212143,20221214
LAK,BOS,3,2,1,202212151,20221215
SEA,CAR,2,3,1,202212152,20221215
PIT,FLA,4,2,2,202212153,20221215
ANA,MTL,5,2,3,202212154,20221215
TOR,NYR,1,3,2,202212155,20221215
PHI,NJD,2,1,1,202212156,20221215
CBJ,TBL,1,4,3,202212157,20221215
DAL,WSH,2,1,1,202212158,20221215
NSH,WPG,1,2,1,202212159,20221215
VEG,CHI,4,1,3,2022121510,20221215
BUF,COL,4,2,2,2022121511,20221215
STL,EDM,4,3,1,2022121512,20221215
CHI,MIN,1,4,3,202212161,20221216
STL,CGY,5,2,3,202212162,20221216
NYI,ARI,4,5,1,202212163,20221216
CBJ,BOS,2,4,2,202212171,20221217
OTT,DET,6,3,3,202212172,20221217
ANA,EDM,4,3,1,202212173,20221217
DAL,CAR,4,5,1,202212174,20221217
TBL,MTL,5,1,4,202212175,20221217
FLA,NJD,4,2,2,202212176,20221217
NYR,PHI,6,3,3,202212177,20221217
TOR,WSH,2,5,3,202212178,20221217
BUF,ARI,5,2,3,202212179,20221217
NSH,COL,1,3,2,2022121710,20221217
WPG,VAN,5,1,4,2022121711,20221217
NYI,VEG,5,2,3,2022121712,20221217
SJS,LAK,2,3,1,2022121713,20221217
OTT,MIN,2,4,2,202212181,20221218
PIT,CAR,2,3,1,202212182,20221218
NYR,CHI,7,1,6,202212183,20221218
WPG,SEA,2,3,1,202212184,20221218
CGY,SJS,5,2,3,202212185,20221218
FLA,BOS,3,7,4,202212191,20221219
DAL,CBJ,2,1,1,202212192,20221219
DET,WSH,3,4,1,202212193,20221219
EDM,NSH,3,4,1,202212194,20221219
NYI,COL,0,1,1,202212195,20221219
MTL,ARI,3,2,1,202212196,20221219
BUF,VEG,3,2,1,202212197,20221219
STL,VAN,5,1,4,202212198,20221219
NJD,CAR,1,4,3,202212201,20221220
CBJ,PHI,3,5,2,202212202,20221220
NYR,PIT,2,3,1,202212203,20221220
TBL,TOR,1,4,3,202212204,20221220
OTT,WPG,1,5,4,202212205,20221220
STL,SEA,2,5,3,202212206,20221220
ANA,LAK,1,4,3,202212207,20221220
CGY,SJS,7,3,4,202212208,20221220
TBL,DET,4,7,3,202212211,20221221
NJD,FLA,4,2,2,202212212,20221221
MTL,COL,1,2,1,202212213,20221221
NSH,CHI,4,2,2,202212214,20221221
EDM,DAL,6,3,3,202212215,20221221
MIN,ANA,4,1,3,202212216,20221221
ARI,VEG,2,5,3,202212217,20221221
PHI,TOR,3,4,1,202212221,20221222
WPG,BOS,2,3,1,202212222,20221222
NYI,NYR,3,5,2,202212223,20221222
WSH,OTT,3,2,1,202212224,20221222
CAR,PIT,4,3,1,202212225,20221222
SEA,VAN,5,6,1,202212226,20221222
CGY,LAK,3,4,1,202212227,20221222
MIN,SJS,2,5,3,202212228,20221222
PHI,CAR,5,6,1,202212231,20221223
BOS,NJD,4,3,1,202212232,20221223
WPG,WSH,1,4,3,202212233,20221223
FLA,NYI,1,5,4,202212234,20221223
MTL,DAL,2,4,2,202212235,20221223
COL,NSH,3,2,1,202212236,20221223
CBJ,CHI,2,5,3,202212237,20221223
VAN,EDM,5,2,3,202212238,20221223
LAK,ARI,1,2,1,202212239,20221223
STL,VEG,4,5,1,2022122310,20221223
CGY,ANA,3,2,1,2022122311,20221223
CHI,CAR,0,3,3,202212271,20221227
WSH,NYR,4,0,4,202212272,20221227
BOS,OTT,2,3,1,202212273,20221227
PIT,NYI,1,5,4,202212274,20221227
DAL,NSH,3,2,1,202212275,20221227
TOR,STL,5,4,1,202212276,20221227
MIN,WPG,4,1,3,202212277,20221227
COL,ARI,3,6,3,202212278,20221227
EDM,CGY,2,1,1,202212279,20221227
SJS,VAN,2,6,4,2022122710,20221227
VEG,LAK,2,4,2,2022122711,20221227
MTL,TBL,1,4,3,202212281,20221228
BOS,NJD,3,1,2,202212282,20221228
DET,PIT,5,4,1,202212283,20221228
VEG,ANA,2,3,1,202212284,20221228
CGY,SEA,3,2,1,202212285,20221228
DET,BUF,3,6,3,202212291,20221229
MTL,FLA,2,7,5,202212292,20221229
NYR,TBL,1,2,1,202212293,20221229
OTT,WSH,4,3,1,202212294,20221229
CBJ,NYI,1,2,1,202212295,20221229
DAL,MIN,4,1,3,202212296,20221229
CHI,STL,1,3,2,202212297,20221229
VAN,WPG,2,4,2,202212298,20221229
TOR,ARI,3,6,3,202212299,20221229
LAK,COL,5,4,1,2022122910,20221229
PHI,SJS,4,3,1,2022122911,20221229
NSH,ANA,6,1,5,202212301,20221230
NJD,PIT,4,2,2,202212302,20221230
FLA,CAR,0,4,4,202212303,20221230
EDM,SEA,7,2,5,202212304,20221230
MIN,STL,5,2,3,202212311,20221231
BUF,BOS,4,3,1,202212312,20221231
CHI,CBJ,1,4,3,202212313,20221231
NSH,VEG,4,5,1,202212314,20221231
PHI,LAK,4,2,2,202212315,20221231
MTL,WSH,2,9,7,202212316,20221231
TOR,COL,6,2,4,202212317,20221231
OTT,DET,2,4,2,202212318,20221231
ARI,TBL,3,5,2,202212319,20221231
SJS,DAL,2,5,3,2022123110,20221231
VAN,CGY,2,3,1,2022123111,20221231
WPG,EDM,2,1,1,2022123112,20221231
CAR,NJD,5,4,1,202301011,20230101
NYR,FLA,5,3,2,202301012,20230101
SJS,CHI,5,2,3,202301013,20230101
BUF,OTT,1,3,2,202301014,20230101
NYI,SEA,1,4,3,202301015,20230101
PIT,BOS,1,2,1,202301021,20230102
VEG,COL,3,2,1,202301022,20230102
PHI,ANA,4,1,3,202301023,20230102
ARI,FLA,3,5,2,202301031,20230103
CAR,NYR,3,5,2,202301032,20230103
CBJ,OTT,0,4,4,202301033,20230103
STL,TOR,6,5,1,202301034,20230103
BUF,WSH,5,4,1,202301035,20230103
MTL,NSH,3,6,3,202301036,20230103
CGY,WPG,2,3,1,202301037,20230103
TBL,CHI,4,1,3,202301038,20230103
SEA,EDM,5,2,3,202301039,20230103
DAL,LAK,2,3,1,2023010310,20230103
NYI,VAN,6,2,4,2023010311,20230103
NJD,DET,5,1,4,202301041,20230104
TBL,MIN,1,5,4,202301042,20230104
DAL,ANA,0,2,2,202301043,20230104
FLA,DET,3,2,1,202301061,20230106
NSH,WSH,3,2,1,202301062,20230106
TBL,WPG,2,4,2,202301063,20230106
ARI,CHI,0,2,2,202301064,20230106
NYI,CGY,1,4,3,202301065,20230106
SJS,ANA,4,5,1,202301066,20230106
NYR,NJD,3,4,1,202301071,20230107
CAR,CBJ,3,4,1,202301072,20230107
MIN,BUF,5,6,1,202301073,20230107
STL,MTL,4,5,1,202301074,20230107
SEA,OTT,8,4,4,202301075,20230107
DET,TOR,1,4,3,202301076,20230107
COL,EDM,3,2,1,202301077,20230107
LAK,VEG,5,1,4,202301078,20230107
BOS,SJS,4,2,2,202301079,20230107
VAN,WPG,4,7,3,202301081,20230108
FLA,DAL,1,5,4,202301082,20230108
CBJ,WSH,0,1,1,202301083,20230108
PIT,ARI,4,1,3,202301084,20230108
CGY,CHI,3,4,1,202301085,20230108
STL,MIN,3,0,3,202301086,20230108
TOR,PHI,6,2,4,202301087,20230108
BOS,ANA,7,1,6,202301088,20230108
PHI,BUF,4,0,4,202301091,20230109
SEA,MTL,4,0,4,202301092,20230109
NSH,OTT,3,0,3,202301093,20230109
EDM,LAK,3,6,3,202301094,20230109
SEA,BUF,4,3,1,202301101,20230110
NJD,CAR,5,3,2,202301102,20230110
WPG,DET,5,7,2,202301103,20230110
MIN,NYR,3,4,1,202301104,20230110
VAN,PIT,4,5,1,202301105,20230110
CBJ,TBL,3,6,3,202301106,20230110
DAL,NYI,2,1,1,202301107,20230110
CGY,STL,3,4,1,202301108,20230110
SJS,ARI,4,2,2,202301109,20230110
FLA,COL,5,4,1,2023011010,20230110
WSH,PHI,3,5,2,202301111,20230111
NSH,TOR,1,2,1,202301112,20230111
EDM,ANA,6,2,4,202301113,20230111
SJS,LAK,3,4,1,202301114,20230111
SEA,BOS,3,0,3,202301121,20230112
WPG,BUF,4,2,2,202301122,20230112
CAR,CBJ,6,2,4,202301123,20230112
TOR,DET,1,4,3,202301124,20230112
NSH,MTL,3,4,1,202301125,20230112
DAL,NYR,1,2,1,202301126,20230112
VAN,TBL,4,5,1,202301127,20230112
MIN,NYI,3,1,2,202301128,20230112
CGY,STL,4,1,3,202301129,20230112
COL,CHI,2,3,1,2023011210,20230112
OTT,ARI,5,3,2,2023011211,20230112
FLA,VEG,2,4,2,2023011212,20230112
WPG,PIT,4,1,3,202301131,20230113
NJD,ANA,6,2,4,202301132,20230113
EDM,SJS,7,1,6,202301133,20230113
CGY,DAL,6,5,1,202301141,20230114
TOR,BOS,3,4,1,202301142,20230114
PIT,CAR,1,2,1,202301143,20230114
OTT,COL,0,7,7,202301144,20230114
CBJ,DET,4,3,1,202301145,20230114
VAN,FLA,3,4,1,202301146,20230114
MTL,NYI,1,2,1,202301147,20230114
PHI,WSH,3,1,2,202301148,20230114
SEA,CHI,8,5,3,202301149,20230114
ARI,MIN,1,2,1,2023011410,20230114
BUF,NSH,5,3,2,2023011411,20230114
TBL,STL,4,2,2,2023011412,20230114
EDM,VEG,4,3,1,2023011413,20230114
NJD,LAK,5,2,3,2023011414,20230114
VAN,CAR,4,3,1,202301151,20230115
MTL,NYR,2,1,1,202301152,20230115
ARI,WPG,1,2,1,202301153,20230115
PHI,BOS,0,6,6,202301161,20230116
FLA,BUF,4,1,3,202301162,20230116
DET,COL,3,6,3,202301163,20230116
NJD,SJS,4,3,1,202301164,20230116
TBL,SEA,4,1,3,202301165,20230116
DAL,VEG,4,0,4,202301166,20230116
NYR,CBJ,3,1,2,202301167,20230116
ANA,PIT,3,4,1,202301168,20230116
WSH,NYI,4,3,1,202301169,20230116
CGY,NSH,1,2,1,2023011610,20230116
OTT,STL,1,2,1,2023011611,20230116
WPG,MTL,1,4,3,202301171,20230117
ANA,PHI,2,5,3,202301172,20230117
FLA,TOR,4,5,1,202301173,20230117
MIN,WSH,4,2,2,202301174,20230117
CBJ,NSH,1,2,1,202301175,20230117
BUF,CHI,3,4,1,202301176,20230117
DET,ARI,3,4,1,202301177,20230117
SEA,EDM,2,5,3,202301178,20230117
PIT,OTT,4,5,1,202301181,20230118
BOS,NYI,4,1,3,202301182,20230118
COL,CGY,4,1,3,202301183,20230118
DAL,SJS,3,5,2,202301184,20230118
TBL,VAN,5,2,3,202301185,20230118
MIN,CAR,2,5,3,202301191,20230119
ANA,CBJ,5,3,2,202301192,20230119
FLA,MTL,6,2,4,202301193,20230119
BOS,NYR,3,1,2,202301194,20230119
CHI,PHI,4,1,3,202301195,20230119
WPG,TOR,1,4,3,202301196,20230119
NYI,BUF,2,3,1,202301197,20230119
NSH,STL,2,5,3,202301198,20230119
WSH,ARI,4,0,4,202301199,20230119
TBL,EDM,3,5,2,2023011910,20230119
NJD,SEA,3,4,1,2023011911,20230119
DET,VEG,3,2,1,2023011912,20230119
DAL,LAK,4,0,4,2023011913,20230119
OTT,PIT,1,4,3,202301201,20230120
COL,VAN,4,1,3,202301202,20230120
ANA,BUF,3,6,3,202301211,20230121
TBL,CGY,3,6,3,202301212,20230121
MIN,FLA,3,5,2,202301213,20230121
SJS,CBJ,3,5,2,202301214,20230121
PHI,DET,2,1,1,202301215,20230121
TOR,MTL,2,3,1,202301216,20230121
WPG,OTT,5,1,4,202301217,20230121
CAR,NYI,5,2,3,202301218,20230121
ARI,DAL,0,4,4,202301219,20230121
LAK,NSH,3,5,2,2023012110,20230121
CHI,STL,5,3,2,2023012111,20230121
COL,SEA,2,1,1,2023012112,20230121
EDM,VAN,4,2,2,2023012113,20230121
WSH,VEG,2,6,4,2023012114,20230121
PIT,NJD,1,2,1,202301221,20230122
SJS,BOS,0,4,4,202301222,20230122
LAK,CHI,2,1,1,202301223,20230122
WPG,PHI,5,3,2,202301224,20230122
VEG,ARI,1,4,3,202301225,20230122
FLA,NYR,2,6,4,202301231,20230123
NYI,TOR,2,5,3,202301232,20230123
BUF,DAL,3,2,1,202301233,20230123
CBJ,CGY,3,4,1,202301234,20230123
SJS,DET,2,3,1,202301241,20230124
BOS,MTL,4,2,2,202301242,20230124
LAK,PHI,4,3,1,202301243,20230124
FLA,PIT,6,7,1,202301244,20230124
MIN,TBL,2,4,2,202301245,20230124
VEG,NJD,2,3,1,202301246,20230124
WPG,NSH,1,2,1,202301247,20230124
BUF,STL,5,3,2,202301248,20230124
ANA,ARI,5,2,3,202301249,20230124
WSH,COL,2,3,1,2023012410,20230124
CHI,VAN,2,5,3,2023012411,20230124
NYI,OTT,1,2,1,202301251,20230125
NYR,TOR,2,3,1,202301252,20230125
CAR,DAL,3,2,1,202301253,20230125
CBJ,EDM,3,2,1,202301254,20230125
VAN,SEA,1,6,5,202301255,20230125
DET,MTL,4,3,1,202301261,20230126
BOS,TBL,2,3,1,202301262,20230126
PIT,WSH,2,3,1,202301263,20230126
PHI,MIN,2,3,1,202301264,20230126
NJD,NSH,4,6,2,202301265,20230126
BUF,WPG,3,2,1,202301266,20230126
STL,ARI,0,5,5,202301267,20230126
CHI,CGY,5,1,4,202301268,20230126
ANA,COL,5,3,2,202301269,20230126
SJS,CAR,4,5,1,202301271,20230127
LAK,FLA,4,3,1,202301272,20230127
DET,NYI,0,2,2,202301273,20230127
VEG,NYR,1,4,3,202301274,20230127
OTT,TOR,6,2,4,202301275,20230127
NJD,DAL,3,2,1,202301276,20230127
CGY,SEA,5,2,3,202301277,20230127
CBJ,VAN,2,5,3,202301278,20230127
STL,COL,2,4,2,202301281,20230128
BOS,FLA,3,4,1,202301282,20230128
MTL,OTT,0,5,5,202301283,20230128
SJS,PIT,6,4,2,202301284,20230128
LAK,TBL,2,5,3,202301285,20230128
PHI,WPG,4,0,4,202301286,20230128
VEG,NYI,1,2,1,202301287,20230128
BUF,MIN,2,3,1,202301288,20230128
CHI,EDM,3,7,4,202301289,20230128
CBJ,SEA,1,3,2,2023012810,20230128
ARI,ANA,1,2,1,2023012811,20230128
BOS,CAR,1,4,3,202301291,20230129
WSH,TOR,1,5,4,202301292,20230129
STL,WPG,2,4,2,202301301,20230130
LAK,CAR,4,5,1,202301311,20230131
WSH,CBJ,4,3,1,202301312,20230131
OTT,MTL,5,4,1,202301313,20230131
CAR,BUF,5,1,4,202302011,20230201
BOS,TOR,5,2,3,202302012,20230201
TBL,FLA,1,7,6,202302061,20230206
NYI,PHI,2,1,1,202302062,20230206
CGY,NYR,4,5,1,202302063,20230206
VAN,NJD,4,5,1,202302064,20230206
ANA,DAL,2,3,1,202302065,20230206
MIN,ARI,2,3,1,202302066,20230206
COL,PIT,1,2,1,202302071,20230207
SJS,TBL,4,3,1,202302072,20230207
EDM,DET,5,2,3,202302073,20230207
SEA,NYI,0,4,4,202302074,20230207
VEG,NSH,5,1,4,202302075,20230207
ANA,CHI,3,2,1,202302076,20230207
VAN,NYR,3,4,1,202302081,20230208
MIN,DAL,1,4,3,202302082,20230208
CGY,DET,1,2,1,202302091,20230209
SJS,FLA,1,4,3,202302092,20230209
SEA,NJD,1,3,2,202302093,20230209
EDM,PHI,1,2,1,202302094,20230209
COL,TBL,0,5,5,202302095,20230209
VAN,NYI,6,5,1,202302096,20230209
VEG,MIN,5,1,4,202302097,20230209
TOR,CBJ,3,0,3,202302101,20230210
SEA,NYR,3,6,3,202302102,20230210
ARI,CHI,3,4,1,202302103,20230210
PIT,ANA,6,3,3,202302104,20230210
VAN,DET,2,5,3,202302111,20230211
CGY,BUF,7,2,5,202302112,20230211
NYI,MTL,3,4,1,202302113,20230211
EDM,OTT,6,3,3,202302114,20230211
NSH,PHI,2,1,1,202302115,20230211
TBL,DAL,3,1,2,202302116,20230211
WSH,BOS,2,1,1,202302117,20230211
COL,FLA,5,3,2,202302118,20230211
NYR,CAR,6,2,4,202302119,20230211
CBJ,TOR,4,3,1,2023021110,20230211
NJD,MIN,2,3,1,2023021111,20230211
ARI,STL,5,6,1,2023021112,20230211
CHI,WPG,1,4,3,2023021113,20230211
PIT,LAK,0,6,6,2023021114,20230211
EDM,MTL,2,6,4,202302121,20230212
SEA,PHI,4,3,1,202302122,20230212
SJS,WSH,4,1,3,202302123,20230212
ANA,VEG,2,7,5,202302124,20230212
CGY,OTT,3,4,1,202302131,20230213
FLA,MIN,2,1,1,202302132,20230213
ARI,NSH,4,2,2,202302133,20230213
DET,VAN,6,1,5,202302134,20230213
BUF,LAK,2,5,3,202302135,20230213
CHI,MTL,0,4,4,202302141,20230214
CAR,WSH,3,2,1,202302142,20230214
NJD,CBJ,3,2,1,202302143,20230214
OTT,NYI,3,2,1,202302144,20230214
FLA,STL,2,6,4,202302145,20230214
SEA,WPG,2,3,1,202302146,20230214
BOS,DAL,3,2,1,202302147,20230214
TBL,COL,4,3,1,202302148,20230214
PIT,SJS,3,1,2,202302149,20230214
CHI,TOR,2,5,3,202302151,20230215
TBL,ARI,0,1,1,202302152,20230215
DET,EDM,5,4,1,202302153,20230215
COL,MIN,3,2,1,202302154,20230215
BUF,ANA,7,3,4,202302155,20230215
NYR,VAN,6,4,2,202302156,20230215
MTL,CAR,2,6,4,202302161,20230216
WPG,CBJ,1,3,2,202302162,20230216
FLA,WSH,6,3,3,202302163,20230216
BOS,NSH,5,0,5,202302164,20230216
DET,CGY,5,2,3,202302165,20230216
NJD,STL,2,4,2,202302166,20230216
PHI,SEA,2,6,4,202302167,20230216
SJS,VEG,1,2,1,202302168,20230216
PIT,NYI,4,5,1,202302171,20230217
CHI,OTT,4,3,1,202302172,20230217
DAL,MIN,1,2,1,202302173,20230217
LAK,ANA,6,3,3,202302174,20230217
NYR,EDM,5,4,1,202302175,20230217
FLA,NSH,3,7,4,202302181,20230218
COL,STL,4,1,3,202302182,20230218
NYI,BOS,2,6,4,202302183,20230218
NJD,PIT,5,2,3,202302184,20230218
CBJ,DAL,4,1,3,202302185,20230218
MTL,TOR,1,5,4,202302186,20230218
WSH,CAR,1,4,3,202302187,20230218
NYR,CGY,2,3,1,202302188,20230218
PHI,VAN,2,6,4,202302189,20230218
ARI,LAK,5,6,1,2023021810,20230218
BUF,SJS,4,2,2,2023021811,20230218
DET,SEA,2,4,2,2023021812,20230218
TBL,VEG,4,5,1,2023021813,20230218
NSH,MIN,3,4,1,202302191,20230219
STL,OTT,2,7,5,202302192,20230219
EDM,COL,5,6,1,202302193,20230219
TOR,CHI,3,5,2,202302194,20230219
WPG,NJD,2,4,2,202302195,20230219
CBJ,ARI,2,3,1,202302196,20230219
OTT,BOS,1,3,2,202302201,20230220
ANA,FLA,3,4,1,202302202,20230220
PHI,CGY,4,3,1,202302203,20230220
SEA,SJS,0,4,4,202302204,20230220
WPG,NYR,4,1,3,202302205,20230220
NYI,PIT,4,2,2,202302206,20230220
STL,CAR,1,4,3,202302211,20230221
MTL,NJD,5,2,3,202302212,20230221
ANA,TBL,1,6,5,202302213,20230221
DET,WSH,3,1,2,202302214,20230221
TOR,BUF,6,3,3,202302215,20230221
LAK,MIN,1,2,1,202302216,20230221
VAN,NSH,4,5,1,202302217,20230221
VEG,CHI,2,3,1,202302218,20230221
PHI,EDM,2,4,2,202302219,20230221
WPG,NYI,1,2,1,202302221,20230222
CGY,ARI,6,3,3,202302222,20230222
CHI,DAL,4,3,1,202302223,20230222
MIN,CBJ,2,0,2,202302231,20230223
NYR,DET,1,4,3,202302232,20230223
LAK,NJD,3,4,1,202302233,20230223
EDM,PIT,7,2,5,202302234,20230223
BUF,TBL,6,5,1,202302235,20230223
ANA,WSH,4,2,2,202302236,20230223
VAN,STL,3,2,1,202302237,20230223
CGY,VEG,3,4,1,202302238,20230223
BOS,SEA,6,5,1,202302239,20230223
NSH,SJS,6,2,4,2023022310,20230223
OTT,CAR,0,4,4,202302241,20230224
BUF,FLA,3,1,2,202302242,20230224
MTL,PHI,5,2,3,202302243,20230224
MIN,TOR,1,2,1,202302244,20230224
LAK,NYI,3,2,1,202302245,20230224
COL,WPG,5,1,4,202302246,20230224
EDM,CBJ,5,6,1,202302251,20230225
NYR,WSH,3,6,3,202302252,20230225
PIT,STL,3,2,1,202302253,20230225
ANA,CAR,3,2,1,202302254,20230225
OTT,MTL,5,2,3,202302255,20230225
PHI,NJD,0,7,7,202302256,20230225
BOS,VAN,3,1,2,202302257,20230225
TBL,DET,3,0,3,202302258,20230225
CGY,COL,1,4,3,202302259,20230225
CHI,SJS,4,3,1,2023022510,20230225
DAL,VEG,3,2,1,2023022511,20230225
WSH,BUF,4,7,3,202302261,20230226
CBJ,MIN,2,3,1,202302262,20230226
NYI,WPG,4,0,4,202302263,20230226
LAK,NYR,2,5,3,202302264,20230226
TBL,PIT,3,7,4,202302265,20230226
NSH,ARI,6,2,4,202302266,20230226
TOR,SEA,5,1,4,202302267,20230226
DET,OTT,2,6,4,202302271,20230227
VAN,DAL,5,4,1,202302272,20230227
BOS,EDM,3,2,1,202302273,20230227
VEG,COL,0,3,3,202302274,20230227
CHI,ANA,2,4,2,202302275,20230227
DET,OTT,1,6,5,202302281,20230228
FLA,TBL,4,1,3,202302282,20230228
CBJ,BUF,5,3,2,202302283,20230228
NYI,MIN,1,2,1,202302284,20230228
PIT,NSH,3,1,2,202302285,20230228
SEA,STL,5,3,2,202302286,20230228
LAK,WPG,6,5,1,202302287,20230228
CHI,ARI,1,4,3,202302288,20230228
BOS,CGY,4,3,1,202302289,20230228
MTL,SJS,3,1,2,2023022810,20230228
NYR,PHI,3,2,1,202303011,20230301
TOR,EDM,2,5,3,202303012,20230301
ARI,DAL,2,4,2,202303013,20230301
NJD,COL,7,5,2,202303014,20230301
WSH,ANA,3,2,1,202303015,20230301
CAR,VEG,2,3,1,202303016,20230301
BUF,BOS,1,7,6,202303021,20230302
SEA,DET,5,4,1,202303022,20230302
NSH,FLA,2,1,1,202303023,20230302
OTT,NYR,5,3,2,202303024,20230302
PIT,TBL,5,4,1,202303025,20230302
DAL,CHI,5,2,3,202303026,20230302
TOR,CGY,2,1,1,202303027,20230302
MIN,VAN,2,1,1,202303028,20230302
MTL,LAK,2,3,1,202303029,20230302
STL,SJS,6,3,3,2023030210,20230302
SEA,CBJ,4,2,2,202303031,20230303
WPG,EDM,3,6,3,202303032,20230303
CAR,ARI,6,1,5,202303033,20230303
MTL,ANA,2,3,1,202303034,20230303
NJD,VEG,3,4,1,202303035,20230303
DET,NYI,1,4,3,202303041,20230304
TBL,BUF,3,5,2,202303042,20230304
NYR,BOS,2,4,2,202303043,20230304
COL,DAL,3,7,4,202303044,20230304
PIT,FLA,1,4,3,202303045,20230304
WSH,SJS,8,3,5,202303046,20230304
CBJ,OTT,2,5,3,202303047,20230304
TOR,VAN,1,4,3,202303048,20230304
EDM,WPG,5,7,2,202303049,20230304
NSH,CHI,3,1,2,2023030410,20230304
MIN,CGY,3,0,3,2023030411,20230304
STL,LAK,2,4,2,2023030412,20230304
TBL,CAR,0,6,6,202303051,20230305
DET,PHI,1,3,2,202303052,20230305
MTL,VEG,3,4,1,202303053,20230305
NJD,ARI,5,4,1,202303054,20230305
SEA,COL,3,2,1,202303055,20230305
EDM,BUF,3,2,1,202303061,20230306
SJS,WPG,3,2,1,202303062,20230306
CGY,DAL,5,4,1,202303063,20230306
OTT,CHI,0,5,5,202303064,20230306
WSH,LAK,2,4,2,202303065,20230306
NSH,VAN,3,4,1,202303066,20230306
VEG,FLA,1,2,1,202303071,20230307
CAR,MTL,4,3,1,202303072,20230307
TOR,NJD,4,3,1,202303073,20230307
CBJ,PIT,4,5,1,202303074,20230307
PHI,TBL,2,5,3,202303075,20230307
BUF,NYI,2,3,1,202303076,20230307
CGY,MIN,1,0,1,202303077,20230307
STL,ARI,2,6,4,202303078,20230307
SJS,COL,0,6,6,202303079,20230307
ANA,SEA,2,5,3,2023030710,20230307
CHI,DET,3,4,1,202303081,20230308
MIN,WPG,4,2,2,202303082,20230308
ANA,VAN,2,3,1,202303083,20230308
DAL,BUF,10,4,6,202303091,20230309
PHI,CAR,0,1,1,202303092,20230309
NYR,MTL,4,3,1,202303093,20230309
NYI,PIT,4,3,1,202303094,20230309
VEG,TBL,4,3,1,202303095,20230309
NJD,WSH,3,2,1,202303096,20230309
EDM,BOS,3,2,1,202303097,20230309
SJS,STL,2,4,2,202303098,20230309
NSH,ARI,1,4,3,202303099,20230309
LAK,COL,5,2,3,2023030910,20230309
OTT,SEA,5,4,1,2023030911,20230309
CHI,FLA,3,4,1,202303101,20230310
ANA,CGY,3,1,2,202303102,20230310
DET,BOS,2,3,1,202303111,20230311
PHI,PIT,1,5,4,202303112,20230311
NYR,BUF,2,1,1,202303113,20230311
ARI,COL,2,3,1,202303114,20230311
VEG,CAR,4,0,4,202303115,20230311
STL,CBJ,5,2,3,202303116,20230311
WPG,FLA,5,4,1,202303117,20230311
NJD,MTL,3,1,2,202303118,20230311
CHI,TBL,1,3,2,202303119,20230311
EDM,TOR,4,7,3,2023031110,20230311
WSH,NYI,5,1,4,2023031111,20230311
DAL,SEA,4,3,1,2023031112,20230311
OTT,VAN,2,5,3,2023031113,20230311
NSH,LAK,2,1,1,2023031114,20230311
MIN,SJS,5,2,3,2023031115,20230311
BOS,DET,3,5,2,202303121,20230312
NYR,PIT,2,3,1,202303122,20230312
CAR,NJD,0,3,3,202303123,20230312
VEG,STL,5,3,2,202303124,20230312
WPG,TBL,3,2,1,202303125,20230312
OTT,CGY,1,5,4,202303126,20230312
NSH,ANA,5,4,1,202303127,20230312
MIN,ARI,4,5,1,202303128,20230312
COL,MTL,8,4,4,202303131,20230313
BUF,TOR,4,3,1,202303132,20230313
DAL,SEA,5,2,3,202303133,20230313
WPG,CAR,3,5,2,202303141,20230314
WSH,NYR,3,5,2,202303142,20230314
TBL,NJD,4,1,3,202303143,20230314
VEG,PHI,5,3,2,202303144,20230314
MTL,PIT,6,4,2,202303145,20230314
DET,NSH,1,2,1,202303146,20230314
BOS,CHI,3,6,3,202303147,20230314
OTT,EDM,3,6,3,202303148,20230314
CGY,ARI,3,4,1,202303149,20230314
DAL,VAN,2,5,3,2023031410,20230314
NYI,LAK,2,5,3,2023031411,20230314
CBJ,SJS,6,5,1,2023031412,20230314
COL,TOR,2,1,1,202303151,20230315
BUF,WSH,4,5,1,202303152,20230315
MIN,STL,8,5,3,202303153,20230315
NYI,ANA,6,3,3,202303154,20230315
MTL,FLA,5,9,4,202303161,20230316
PIT,NYR,2,4,2,202303162,20230316
TBL,NJD,4,3,1,202303163,20230316
COL,OTT,5,4,1,202303164,20230316
CHI,NSH,2,1,1,202303165,20230316
BOS,WPG,3,0,3,202303166,20230316
DAL,EDM,1,4,3,202303167,20230316
VAN,ARI,2,3,1,202303168,20230316
CGY,VEG,7,2,5,202303169,20230316
CBJ,LAK,1,4,3,2023031610,20230316
SEA,SJS,2,1,1,2023031611,20230316
BUF,PHI,2,5,3,202303171,20230317
CAR,TOR,2,5,3,202303172,20230317
STL,WSH,5,2,3,202303173,20230317
CBJ,ANA,4,7,3,202303174,20230317
COL,DET,5,1,4,202303181,20230318
BOS,MIN,5,2,3,202303182,20230318
WPG,NSH,3,2,1,202303183,20230318
EDM,SEA,6,4,2,202303184,20230318
CAR,PHI,5,4,1,202303185,20230318
NJD,FLA,2,4,2,202303186,20230318
TOR,OTT,5,4,1,202303187,20230318
MTL,TBL,3,5,2,202303188,20230318
PIT,NYR,0,6,6,202303189,20230318
DAL,CGY,6,5,1,2023031810,20230318
VAN,LAK,3,2,1,2023031811,20230318
CHI,ARI,2,4,2,2023031812,20230318
NYI,SJS,4,1,3,2023031813,20230318
BOS,BUF,7,0,7,202303191,20230319
WSH,MIN,3,5,2,202303192,20230319
CBJ,VEG,2,7,5,202303193,20230319
NSH,NYR,0,7,7,202303194,20230319
WPG,STL,0,3,3,202303195,20230319
NJD,TBL,5,2,3,202303196,20230319
VAN,ANA,2,1,1,202303197,20230319
FLA,DET,5,2,3,202303201,20230320
OTT,PIT,2,1,1,202303202,20230320
CHI,COL,0,5,5,202303203,20230320
SJS,EDM,4,5,1,202303204,20230320
CGY,LAK,2,8,6,202303205,20230320
OTT,BOS,1,2,1,202303211,20230321
NSH,BUF,7,3,4,202303212,20230321
TBL,MTL,2,3,1,202303213,20230321
CAR,NYR,3,2,1,202303214,20230321
MIN,NJD,2,1,1,202303215,20230321
FLA,PHI,3,6,3,202303216,20230321
CBJ,WSH,7,6,1,202303217,20230321
TOR,NYI,2,7,5,202303218,20230321
DET,STL,3,2,1,202303219,20230321
ARI,WPG,1,2,1,2023032110,20230321
SEA,DAL,5,4,1,2023032111,20230321
CGY,ANA,5,1,4,2023032112,20230321
VEG,VAN,4,3,1,2023032113,20230321
PIT,COL,5,2,3,202303221,20230322
ARI,EDM,3,4,1,202303222,20230322
MIN,PHI,4,5,1,202303231,20230323
MTL,BOS,2,4,2,202303232,20230323
NYR,CAR,2,1,1,202303233,20230323
STL,DET,4,3,1,202303234,20230323
TOR,FLA,6,2,4,202303235,20230323
TBL,OTT,2,7,5,202303236,20230323
CHI,WSH,1,6,5,202303237,20230323
SEA,NSH,1,2,1,202303238,20230323
VEG,CGY,3,2,1,202303239,20230323
PIT,DAL,2,3,1,2023032310,20230323
WPG,ANA,3,2,1,2023032311,20230323
SJS,VAN,2,7,5,2023032312,20230323
NJD,BUF,4,5,1,202303241,20230324
NYI,CBJ,4,5,1,202303242,20230324
ARI,COL,1,3,2,202303243,20230324
TBL,BOS,1,2,1,202303251,20230325
DET,PHI,0,3,3,202303252,20230325
SEA,NSH,7,2,5,202303253,20230325
SJS,CGY,3,5,2,202303254,20230325
WPG,LAK,1,4,3,202303255,20230325
NYR,FLA,4,3,1,202303256,20230325
CHI,MIN,1,3,2,202303257,20230325
BUF,NYI,2,0,2,202303258,20230325
TOR,CAR,3,5,2,202303259,20230325
VAN,DAL,3,1,2,2023032510,20230325
CBJ,MTL,2,8,6,2023032511,20230325
OTT,NJD,3,5,2,2023032512,20230325
WSH,PIT,3,4,1,2023032513,20230325
VEG,EDM,4,3,1,2023032514,20230325
STL,ANA,6,3,3,2023032515,20230325
COL,ARI,4,3,1,202303261,20230326
BOS,CAR,4,3,1,202303262,20230326
VAN,CHI,4,2,2,202303263,20230326
TOR,NSH,3,2,1,202303264,20230326
STL,LAK,6,7,1,202303265,20230326
MTL,BUF,4,3,1,202303271,20230327
FLA,OTT,2,5,3,202303272,20230327
NJD,NYI,1,5,4,202303273,20230327
SEA,MIN,1,5,4,202303274,20230327
COL,ANA,5,1,4,202303275,20230327
EDM,ARI,5,4,1,202303276,20230327
NSH,BOS,2,1,1,202303281,20230328
TBL,CAR,4,0,4,202303282,20230328
PIT,DET,4,7,3,202303283,20230328
CBJ,NYR,2,6,4,202303284,20230328
MTL,PHI,2,3,1,202303285,20230328
VAN,STL,5,6,1,202303286,20230328
DAL,CHI,4,1,3,202303287,20230328
LAK,CGY,1,2,1,202303288,20230328
EDM,VEG,7,4,3,202303289,20230328
WPG,SJS,0,3,3,2023032810,20230328
FLA,TOR,3,2,1,202303291,20230329
NYI,WSH,2,1,1,202303292,20230329
MIN,COL,4,2,2,202303293,20230329
CBJ,BOS,1,2,1,202303301,20230330
FLA,MTL,5,2,3,202303302,20230330
NYR,NJD,1,2,1,202303303,20230330
PHI,OTT,4,5,1,202303304,20230330
NSH,PIT,0,2,2,202303305,20230330
WSH,TBL,1,5,4,202303306,20230330
CAR,DET,2,3,1,202303307,20230330
STL,CHI,5,3,2,202303308,20230330
LAK,EDM,0,2,2,202303309,20230330
ANA,SEA,1,4,3,2023033010,20230330
VEG,SJS,3,4,1,2023033011,20230330
NYR,BUF,2,3,1,202303311,20230331
DET,WPG,2,6,4,202303312,20230331
CGY,VAN,5,4,1,202303313,20230331
DAL,ARI,5,2,3,202303314,20230331
STL,NSH,1,6,5,202304011,20230401
BOS,PIT,4,3,1,202304012,20230401
FLA,CBJ,7,0,7,202304013,20230401
CAR,MTL,3,0,3,202304014,20230401
TOR,OTT,3,0,3,202304015,20230401
BUF,PHI,6,3,3,202304016,20230401
NYI,TBL,0,5,5,202304017,20230401
NJD,CHI,6,3,3,202304018,20230401
DAL,COL,2,5,3,202304019,20230401
SJS,ARI,7,2,5,2023040110,20230401
ANA,EDM,0,6,6,2023040111,20230401
LAK,SEA,3,1,2,2023040112,20230401
MIN,VEG,1,4,3,2023040113,20230401
NYR,WSH,5,2,3,202304021,20230402
BOS,STL,4,3,1,202304022,20230402
NYI,CAR,1,2,1,202304023,20230402
OTT,CBJ,3,4,1,202304024,20230402
PHI,PIT,2,4,2,202304025,20230402
DET,TOR,5,2,3,202304026,20230402
NJD,WPG,1,6,5,202304027,20230402
ANA,CGY,4,5,1,202304028,20230402
LAK,VAN,4,1,3,202304029,20230402
VEG,MIN,4,3,1,202304031,20230403
NSH,DAL,1,5,4,202304032,20230403
ARI,SEA,1,8,7,202304033,20230403
OTT,CAR,2,3,1,202304041,20230404
BUF,FLA,1,2,1,202304042,20230404
DET,MTL,5,0,5,202304043,20230404
PIT,NJD,1,5,4,202304044,20230404
CBJ,TOR,2,4,2,202304045,20230404
VEG,NSH,2,3,1,202304046,20230404
PHI,STL,2,4,2,202304047,20230404
CHI,CGY,4,3,1,202304048,20230404
SEA,VAN,5,2,3,202304049,20230404
EDM,LAK,3,1,2,2023040410,20230404
COL,SJS,4,3,1,2023040411,20230404
TBL,NYR,3,6,3,202304051,20230405
CGY,WPG,3,1,2,202304052,20230405
EDM,ANA,3,1,2,202304053,20230405
TOR,BOS,1,2,1,202304061,20230406
BUF,DET,7,6,1,202304062,20230406
OTT,FLA,2,7,5,202304063,20230406
WSH,MTL,2,6,4,202304064,20230406
CBJ,NJD,1,8,7,202304065,20230406
MIN,PIT,1,4,3,202304066,20230406
TBL,NYI,1,6,5,202304067,20230406
CAR,NSH,0,3,3,202304068,20230406
NYR,STL,2,3,1,202304069,20230406
PHI,DAL,1,4,3,2023040610,20230406
CHI,VAN,0,3,3,2023040611,20230406
LAK,VEG,2,5,3,2023040612,20230406
COL,SJS,6,2,4,2023040613,20230406
ARI,SEA,2,4,2,2023040614,20230406
CAR,BUF,3,4,1,202304081,20230408
PIT,DET,5,1,4,202304082,20230408
VEG,DAL,1,2,1,202304083,20230408
EDM,SJS,6,1,5,202304084,20230408
ANA,ARI,4,5,1,202304085,20230408
NYR,CBJ,4,0,4,202304086,20230408
TBL,OTT,4,7,3,202304087,20230408
MTL,TOR,1,7,6,202304088,20230408
FLA,WSH,4,2,2,202304089,20230408
NSH,WPG,0,2,2,2023040810,20230408
PHI,NYI,0,4,4,2023040811,20230408
NJD,BOS,1,2,1,2023040812,20230408
STL,MIN,3,5,2,2023040813,20230408
CHI,SEA,3,7,4,2023040814,20230408
CGY,VAN,2,3,1,2023040815,20230408
COL,LAK,4,3,1,2023040816,20230408
BOS,PHI,5,3,2,202304091,20230409
COL,ANA,5,4,1,202304092,20230409
DAL,DET,6,1,5,202304101,20230410
TOR,FLA,2,1,1,202304102,20230410
BUF,NYR,3,2,1,202304103,20230410
CAR,OTT,2,3,1,202304104,20230410
NYI,WSH,2,5,3,202304105,20230410
SJS,WPG,2,6,4,202304106,20230410
MIN,CHI,4,2,2,202304107,20230410
NSH,CGY,3,2,1,202304108,20230410
SEA,ARI,4,1,3,202304109,20230410
VAN,LAK,0,3,3,2023041010,20230410
WSH,BOS,2,5,3,202304111,20230411
DET,CAR,1,4,3,202304112,20230411
BUF,NJD,2,6,4,202304113,20230411
CBJ,PHI,3,4,1,202304114,20230411
TOR,TBL,4,3,1,202304115,20230411
CHI,PIT,5,2,3,202304116,20230411
WPG,MIN,3,1,2,202304117,20230411
EDM,COL,2,1,1,202304118,20230411
VAN,ANA,3,2,1,202304119,20230411
SEA,VEG,1,4,3,2023041110,20230411
MTL,NYI,2,4,2,202304121,20230412
DAL,STL,5,2,3,202304122,20230412
SJS,CGY,1,3,2,202304123,20230412
OTT,BUF,3,4,1,202304131,20230413
PIT,CBJ,2,3,1,202304132,20230413
CAR,FLA,6,4,2,202304133,20230413
BOS,MTL,5,4,1,202304134,20230413
TOR,NYR,3,2,1,202304135,20230413
DET,TBL,0,5,5,202304136,20230413
NJD,WSH,5,4,1,202304137,20230413
WPG,COL,2,4,2,202304138,20230413
STL,DAL,0,1,1,202304139,20230413
MIN,NSH,3,4,1,2023041310,20230413
PHI,CHI,5,4,1,2023041311,20230413
SJS,EDM,2,5,3,2023041312,20230413
LAK,ANA,5,3,2,2023041313,20230413
VAN,ARI,5,4,1,2023041314,20230413
VEG,SEA,3,1,2,2023041315,20230413
BUF,CBJ,5,2,3,202304141,20230414
COL,NSH,4,3,1,202304142,20230414
NYI,CAR,1,2,1,202304171,20230417
FLA,BOS,1,3,2,202304172,20230417
MIN,DAL,3,2,1,202304173,20230417
LAK,EDM,4,3,1,202304174,20230417
NYR,NJD,5,1,4,202304181,20230418
TBL,TOR,7,3,4,202304182,20230418
WPG,VEG,5,1,4,202304183,20230418
SEA,COL,3,1,2,202304184,20230418
NYI,CAR,3,4,1,202304191,20230419
FLA,BOS,6,3,3,202304192,20230419
MIN,DAL,3,7,4,202304193,20230419
LAK,EDM,2,4,2,202304194,20230419
TBL,TOR,2,7,5,202304201,20230420
NYR,NJD,5,1,4,202304202,20230420
SEA,COL,2,3,1,202304203,20230420
WPG,VEG,2,5,3,202304204,20230420
CAR,NYI,1,5,4,202304211,20230421
BOS,FLA,4,2,2,202304212,20230421
DAL,MIN,1,5,4,202304213,20230421
EDM,LAK,2,3,1,202304214,20230421
VEG,WPG,5,4,1,202304221,20230422
TOR,TBL,4,3,1,202304222,20230422
NJD,NYR,2,1,1,202304223,20230422
COL,SEA,6,4,2,202304224,20230422
CAR,NYI,5,2,3,202304231,20230423
BOS,FLA,6,2,4,202304232,20230423
DAL,MIN,3,2,1,202304233,20230423
EDM,LAK,5,4,1,202304234,20230423
NJD,NYR,3,1,2,202304241,20230424
TOR,TBL,5,4,1,202304242,20230424
VEG,WPG,4,2,2,202304243,20230424
COL,SEA,2,3,1,202304244,20230424
NYI,CAR,3,2,1,202304251,20230425
MIN,DAL,0,4,4,202304252,20230425
LAK,EDM,3,6,3,202304253,20230425
FLA,BOS,4,3,1,202304261,20230426
SEA,COL,3,2,1,202304262,20230426
TBL,TOR,4,2,2,202304271,20230427
NYR,NJD,0,4,4,202304272,20230427
WPG,VEG,1,4,3,202304273,20230427
CAR,NYI,2,1,1,202304281,20230428
BOS,FLA,5,7,2,202304282,20230428
DAL,MIN,4,1,3,202304283,20230428
COL,SEA,4,1,3,202304284,20230428
TOR,TBL,2,1,1,202304291,20230429
NJD,NYR,2,5,3,202304292,20230429
EDM,LAK,5,4,1,202304293,20230429
FLA,BOS,4,3,1,202304301,20230430
SEA,COL,2,1,1,202304302,20230430
NYR,NJD,0,4,4,202305011,20230501
FLA,TOR,4,2,2,202305021,20230502
SEA,DAL,5,4,1,202305022,20230502
NJD,CAR,1,5,4,202305031,20230503
EDM,VEG,4,6,2,202305032,20230503
FLA,TOR,3,2,1,202305041,20230504
SEA,DAL,2,4,2,202305042,20230504
NJD,CAR,1,6,5,202305051,20230505
EDM,VEG,5,1,4,202305061,20230506
CAR,NJD,4,8,4,202305071,20230507
TOR,FLA,2,3,1,202305072,20230507
DAL,SEA,2,7,5,202305073,20230507
VEG,EDM,5,1,4,202305081,20230508
CAR,NJD,6,1,5,202305091,20230509
DAL,SEA,6,3,3,202305092,20230509
TOR,FLA,2,1,1,202305101,20230510
VEG,EDM,1,4,3,202305102,20230510
NJD,CAR,2,3,1,202305111,20230511
SEA,DAL,2,5,3,202305112,20230511
FLA,TOR,3,2,1,202305121,20230512
EDM,VEG,3,4,1,202305122,20230512
DAL,SEA,3,6,3,202305131,20230513
VEG,EDM,5,2,3,202305141,20230514
SEA,DAL,1,2,1,202305151,20230515
FLA,CAR,3,2,1,202305181,20230518
DAL,VEG,3,4,1,202305191,20230519
FLA,CAR,2,1,1,202305201,20230520
DAL,VEG,2,3,1,202305211,20230521
CAR,FLA,0,1,1,202305221,20230522
VEG,DAL,4,0,4,202305231,20230523
CAR,FLA,3,4,1,202305241,20230524
VEG,DAL,2,3,1,202305251,20230525
DAL,VEG,4,2,2,202305271,20230527
VEG,DAL,6,0,6,202305291,20230529
FLA,VEG,2,5,3,202306031,20230603
FLA,VEG,2,7,5,202306051,20230605
VEG,FLA,2,3,1,202306081,20230608
VEG,FLA,3,2,1,202306101,20230610
FLA,VEG,3,9,6,202306131,20230613
